1.018000006675720215e+00
1.003999948501586914e+00
1.001999974250793457e+00
1.013000011444091797e+00
1.014000058174133301e+00
1.018000006675720215e+00
1.026000022888183594e+00
1.031000018119812012e+00
0.000000000000000000e+00
0.000000000000000000e+00
1.036999940872192383e+00
1.016000032424926758e+00
1.052999973297119141e+00
1.059000015258789062e+00
1.075999975204467773e+00
1.090000033378601074e+00
1.116999983787536621e+00
1.105000019073486328e+00
1.118000030517578125e+00
1.156000018119812012e+00
1.164000034332275391e+00
1.156000018119812012e+00
1.136000037193298340e+00
1.101999998092651367e+00
1.118999958038330078e+00
1.092000007629394531e+00
1.083999991416931152e+00
1.075999975204467773e+00
1.039000034332275391e+00
1.049999952316284180e+00
1.050999999046325684e+00
1.034999966621398926e+00
1.047999978065490723e+00
1.037999987602233887e+00
1.019000053405761719e+00
1.003999948501586914e+00
1.039000034332275391e+00
1.019000053405761719e+00
1.001000046730041504e+00
1.006999969482421875e+00
1.006000041961669922e+00
1.006000041961669922e+00
1.006000041961669922e+00
9.890000224113464355e-01
9.890000224113464355e-01
9.890000224113464355e-01
9.919999837875366211e-01
9.919999837875366211e-01
9.890000224113464355e-01
9.980000257492065430e-01
9.739999771118164062e-01
9.739999771118164062e-01
9.739999771118164062e-01
9.819999933242797852e-01
9.829999804496765137e-01
9.890000224113464355e-01
9.800000190734863281e-01
9.739999771118164062e-01
9.810000061988830566e-01
9.779999852180480957e-01
9.850000143051147461e-01
9.919999837875366211e-01
1.000000000000000000e+00
1.006000041961669922e+00
9.890000224113464355e-01
9.890000224113464355e-01
8.190000057220458984e-01
1.064000010490417480e+00
9.860000014305114746e-01
9.860000014305114746e-01
9.679999947547912598e-01
9.679999947547912598e-01
1.024000048637390137e+00
9.369999766349792480e-01
9.369999766349792480e-01
9.229999780654907227e-01
8.730000257492065430e-01
8.930000066757202148e-01
9.129999876022338867e-01
9.190000295639038086e-01
9.039999842643737793e-01
8.930000066757202148e-01
8.880000114440917969e-01
9.020000100135803223e-01
9.179999828338623047e-01
8.249999880790710449e-01
8.280000090599060059e-01
8.309999704360961914e-01
8.119999766349792480e-01
8.029999732971191406e-01
7.889999747276306152e-01
8.289999961853027344e-01
7.749999761581420898e-01
7.860000133514404297e-01
7.979999780654907227e-01
8.069999814033508301e-01
7.990000247955322266e-01
7.829999923706054688e-01
7.829999923706054688e-01
7.810000181198120117e-01
7.749999761581420898e-01
7.710000276565551758e-01
7.630000114440917969e-01
7.680000066757202148e-01
7.620000243186950684e-01
7.680000066757202148e-01
7.699999809265136719e-01
7.670000195503234863e-01
7.549999952316284180e-01
7.530000209808349609e-01
7.549999952316284180e-01
7.580000162124633789e-01
7.620000243186950684e-01
7.649999856948852539e-01
7.699999809265136719e-01
7.720000147819519043e-01
7.699999809265136719e-01
7.670000195503234863e-01
7.699999809265136719e-01
7.689999938011169434e-01
7.659999728202819824e-01
7.739999890327453613e-01
7.739999890327453613e-01
7.810000181198120117e-01
7.860000133514404297e-01
7.900000214576721191e-01
7.979999780654907227e-01
8.029999732971191406e-01
7.990000247955322266e-01
7.870000004768371582e-01
7.879999876022338867e-01
7.929999828338623047e-01
8.470000028610229492e-01
8.379999995231628418e-01
8.289999961853027344e-01
9.169999957084655762e-01
7.620000243186950684e-01
8.059999942779541016e-01
1.050999999046325684e+00
1.044000029563903809e+00
1.011000037193298340e+00
1.011000037193298340e+00
1.003999948501586914e+00
9.779999852180480957e-01
9.779999852180480957e-01
9.840000271797180176e-01
9.060000181198120117e-01
9.020000100135803223e-01
8.989999890327453613e-01
8.840000033378601074e-01
9.150000214576721191e-01
9.110000133514404297e-01
9.079999923706054688e-01
8.849999904632568359e-01
8.889999985694885254e-01
8.019999861717224121e-01
7.979999780654907227e-01
6.610000133514404297e-01
6.570000052452087402e-01
6.529999971389770508e-01
6.589999794960021973e-01
6.589999794960021973e-01
5.860000252723693848e-01
0.000000000000000000e+00
6.620000004768371582e-01
6.449999809265136719e-01
6.140000224113464355e-01
6.000000238418579102e-01
5.879999995231628418e-01
5.649999976158142090e-01
5.519999861717224121e-01
5.389999747276306152e-01
5.279999971389770508e-01
5.180000066757202148e-01
5.070000290870666504e-01
4.950000047683715820e-01
4.869999885559082031e-01
4.779999852180480957e-01
4.699999988079071045e-01
4.620000123977661133e-01
4.550000131130218506e-01
4.469999969005584717e-01
4.420000016689300537e-01
4.350000023841857910e-01
4.289999902248382568e-01
4.230000078678131104e-01
4.169999957084655762e-01
4.120000004768371582e-01
4.070000052452087402e-01
4.029999971389770508e-01
3.980000019073486328e-01
3.930000066757202148e-01
3.889999985694885254e-01
3.840000033378601074e-01
3.810000121593475342e-01
3.779999911785125732e-01
3.750000000000000000e-01
3.720000088214874268e-01
3.680000007152557373e-01
3.650000095367431641e-01
3.619999885559082031e-01
3.600000143051147461e-01
3.580000102519989014e-01
3.560000061988830566e-01
3.540000021457672119e-01
3.519999980926513672e-01
3.510000109672546387e-01
3.490000069141387939e-01
3.470000028610229492e-01
3.459999859333038330e-01
3.440000116825103760e-01
3.429999947547912598e-01
3.409999907016754150e-01
3.400000035762786865e-01
3.379999995231628418e-01
3.370000123977661133e-01
3.350000083446502686e-01
3.350000083446502686e-01
3.350000083446502686e-01
3.490000069141387939e-01
3.490000069141387939e-01
3.490000069141387939e-01
3.499999940395355225e-01
3.519999980926513672e-01
0.000000000000000000e+00
3.420000076293945312e-01
3.420000076293945312e-01
3.409999907016754150e-01
3.409999907016754150e-01
3.429999947547912598e-01
3.440000116825103760e-01
3.429999947547912598e-01
3.440000116825103760e-01
3.459999859333038330e-01
3.479999899864196777e-01
3.490000069141387939e-01
3.510000109672546387e-01
3.529999852180480957e-01
3.540000021457672119e-01
3.560000061988830566e-01
3.580000102519989014e-01
3.600000143051147461e-01
3.630000054836273193e-01
3.650000095367431641e-01
3.670000135898590088e-01
3.700000047683715820e-01
3.729999959468841553e-01
3.759999871253967285e-01
3.790000081062316895e-01
3.829999864101409912e-01
3.860000073909759521e-01
3.889999985694885254e-01
3.930000066757202148e-01
3.970000147819519043e-01
4.020000100135803223e-01
4.059999883174896240e-01
4.110000133514404297e-01
4.160000085830688477e-01
4.210000038146972656e-01
4.259999990463256836e-01
4.309999942779541016e-01
4.370000064373016357e-01
4.440000057220458984e-01
4.499999880790710449e-01
4.569999873638153076e-01
4.639999866485595703e-01
4.720000028610229492e-01
4.810000061988830566e-01
4.880000054836273193e-01
4.950000047683715820e-01
5.040000081062316895e-01
5.130000114440917969e-01
5.310000181198120117e-01
5.410000085830688477e-01
5.509999990463256836e-01
5.609999895095825195e-01
5.720000267028808594e-01
5.839999914169311523e-01
6.079999804496765137e-01
6.219999790191650391e-01
6.349999904632568359e-01
6.480000019073486328e-01
8.560000061988830566e-01
2.109999954700469971e-01
3.750000000000000000e-01
7.329999804496765137e-01
7.210000157356262207e-01
7.099999785423278809e-01
7.080000042915344238e-01
7.049999833106994629e-01
7.099999785423278809e-01
7.220000028610229492e-01
7.519999742507934570e-01
7.699999809265136719e-01
7.739999890327453613e-01
7.739999890327453613e-01
7.789999842643737793e-01
7.789999842643737793e-01
7.670000195503234863e-01
7.720000147819519043e-01
7.799999713897705078e-01
7.929999828338623047e-01
8.040000200271606445e-01
8.069999814033508301e-01
7.319999933242797852e-01
8.270000219345092773e-01
9.350000023841857910e-01
0.000000000000000000e+00
8.199999928474426270e-01
8.069999814033508301e-01
8.820000290870666504e-01
8.999999761581420898e-01
9.179999828338623047e-01
9.160000085830688477e-01
9.169999957084655762e-01
9.169999957084655762e-01
9.300000071525573730e-01
9.259999990463256836e-01
9.229999780654907227e-01
9.240000247955322266e-01
9.259999990463256836e-01
9.290000200271606445e-01
9.440000057220458984e-01
9.409999847412109375e-01
9.480000138282775879e-01
9.430000185966491699e-01
9.660000205039978027e-01
9.599999785423278809e-01
9.610000252723693848e-01
9.679999947547912598e-01
9.760000109672546387e-01
9.729999899864196777e-01
9.860000014305114746e-01
9.869999885559082031e-01
9.890000224113464355e-01
9.950000047683715820e-01
9.950000047683715820e-01
1.044000029563903809e+00
1.050999999046325684e+00
1.019000053405761719e+00
1.057999968528747559e+00
1.059000015258789062e+00
1.082000017166137695e+00
1.083999991416931152e+00
1.026000022888183594e+00
1.008999943733215332e+00
1.014000058174133301e+00
1.008999943733215332e+00
9.890000224113464355e-01
9.890000224113464355e-01
9.929999709129333496e-01
1.001999974250793457e+00
1.000000000000000000e+00
8.930000066757202148e-01
1.006999969482421875e+00
1.023000001907348633e+00
1.026999950408935547e+00
1.008999943733215332e+00
9.840000271797180176e-01
9.840000271797180176e-01
