1.018000006675720215e+00
1.003999948501586914e+00
1.001999974250793457e+00
1.013000011444091797e+00
1.014000058174133301e+00
1.018000006675720215e+00
1.026000022888183594e+00
1.031000018119812012e+00
0.000000000000000000e+00
0.000000000000000000e+00
1.036999940872192383e+00
1.016000032424926758e+00
1.052999973297119141e+00
1.059000015258789062e+00
1.075999975204467773e+00
1.090000033378601074e+00
1.116999983787536621e+00
1.105000019073486328e+00
1.118000030517578125e+00
1.156000018119812012e+00
1.164000034332275391e+00
1.156000018119812012e+00
1.136000037193298340e+00
